The Pin
1: 1 1 1 2 2 2 
7: 2 2 2 2 3 3 
13: 4 4 4 4 4 5
The Discovered Attack
19: 1 1 1 1 2 3
25: 3 3 3 4 4 5
The Reloader
31: 1 1 1 1 2 2
37: 2 3 3 3 4 5
Overloading
43: 1 1 1 1 2 2
49: 2 2 2 3 3 3
55: 3 4 4 4 5 5
Mate
61: 1 1 1 1 1 1
67: 1 2 2 2 2 2
73: 2 2 2 2 2 2
79: 2 3 3 3 3 3
85: 3 3 3 3 4 4
91: 4 4 4 4 4 4
97: 4 4 4 4 4 4
103: 4 4 4 5 5 5
Gain of Tempo/Intermediate Move
109: 1 1 2 2 2 2
115: 2 2 2 3 3 3
121: 3 3 3 3 3 4
127: 4 4 4 4 5 5
The X-ray Attack
133: 1 1 1 1 1 1
139: 1 1 1 1 2 2
145: 2 2 3 3 3 3
151: 3 3 3 3 3 3
157: 3 3 4 4 4 5
163: 5 5 5 5 5 5
Opening and Closing Lines of Communication
169: 1 1 1 1 1 1
175: 2 2 3 3 3 3
181: 3 3 3 3 3 3
187: 3 3 3 3 3 3
193: 3 3 3 3 3 3
199: 3 3 3 4 4 4
205: 4 4 4 4 4 4
211: 4 5 5 5 5 5
Candidate Moves
217: 1 1 1 1 1 1
223: 1 1 1 1 1 1
229: 1 1 1 1 1 1
235: 2 2 2 2 2 2
241: 2 2 2 2 2 3
247: 3 3 3 3 4 4
Openings
253: 1 1 1 2 2 2
259: 2 2 3 3 3 3
265: 3 3 3 3 4 4
271: 5 5 5 5 5 5
Endings
277: 1 1 1 1 1 1
283: 1 2 2 2 2 2
289: 3 3 3 3 4 4
295: 4 4 4 4 4 5
